Model Accuracy: 81.16%

Classification Report:
              precision    recall  f1-score   support

           0       0.90      1.00      0.95       331
           1       0.96      0.91      0.93       432
           2       0.94      1.00      0.97       310
           3       0.80      0.99      0.89       245
           4       0.89      0.99      0.93       498
           5       0.91      0.91      0.91       247
           6       0.93      0.88      0.90       348
           7       0.99      0.94      0.96       436
           8       0.82      0.78      0.80       288
          10       0.73      0.65      0.69       331
          11       0.85      1.00      0.92       209
          12       0.87      0.68      0.77       394
          13       0.72      0.45      0.56       291
          14       0.98      0.85      0.91       246
          15       0.93      1.00      0.96       347
          16       0.89      1.00      0.94       164
          17       0.29      0.55      0.38       144
          18       0.58      0.84      0.68       246
          19       0.64      0.84      0.73       248
          20       0.63      0.60      0.62       266
          21       0.77      0.54      0.63       346
          22       0.49      0.58      0.53       206
          23       0.83      0.67      0.74       267
          24       0.90      0.61      0.73       332

    accuracy                           0.81      7172
   macro avg       0.80      0.80      0.79      7172
weighted avg       0.83      0.81      0.81      7172
